/*--------------------------------*- C++ -*----------------------------------*\
| =========                 |                                                 |
| \\      /  F ield         | OpenFOAM: The Open Source CFD Toolbox           |
|  \\    /   O peration     | Version:  2506                                  |
|   \\  /    A nd           | Website:  www.openfoam.com                      |
|    \\/     M anipulation  |                                                 |
\*---------------------------------------------------------------------------*/
FoamFile
{
    version     2.0;
    format      ascii;
    arch        "LSB;label=32;scalar=64";
    class       cellSet;
    location    "constant/polyMesh/sets";
    object      highAspectRatioCells;
}
// * * * * * * * * * * * * * * * * * * * * * * * * * * * * * * * * * * * * * //


11789
(
0
1
2
3
4
5
6
7
8
9
10
11
12
13
14
15
16
17
18
19
20
21
22
23
24
25
26
27
28
29
30
31
32
33
34
35
36
37
38
39
40
41
42
43
44
45
46
47
48
49
50
51
52
53
54
55
56
57
58
59
60
61
62
63
64
65
66
262211
67
262212
68
262213
69
262214
70
262215
71
262216
72
262217
73
262218
74
262219
75
262220
76
262221
77
262222
78
262223
79
262224
80
262225
81
262226
82
262227
83
262228
84
262229
85
262230
86
262231
87
262232
88
262233
89
262234
90
262235
91
262236
92
262237
93
262238
94
262239
95
262240
96
262241
97
262242
98
262243
99
262244
100
262245
101
262246
102
262247
103
262248
104
262249
105
262250
106
262251
107
262252
108
262253
109
262254
110
262255
111
262256
112
262257
113
262258
114
262259
115
262260
116
262261
117
262262
118
262263
119
262264
120
262265
121
262266
122
262267
123
262268
124
262269
125
262270
126
262271
127
128
129
130
131
132
133
134
135
136
137
138
139
140
141
142
143
144
145
146
147
148
149
150
151
152
153
154
155
156
157
158
159
160
161
162
163
164
165
166
167
168
169
170
171
172
173
174
175
176
177
178
179
180
181
182
183
184
185
186
187
188
189
190
191
192
193
194
262339
195
262340
196
262341
197
262342
198
262343
199
262344
200
262345
201
262346
202
262347
203
262348
204
262349
205
262350
206
262351
207
262352
208
262353
209
262354
210
262355
211
262356
212
262357
213
262358
214
262359
215
262360
216
262361
217
262362
218
262363
219
262364
220
262365
221
262366
222
262367
223
262368
224
262369
225
262370
226
262371
227
262372
228
262373
262374
262375
262376
262377
262378
262379
262380
262381
262382
262383
262384
262385
262386
262387
262388
262389
262390
262391
262392
262393
262394
262395
262396
262397
262398
262399
256
257
258
259
260
261
262
263
264
265
266
267
268
269
270
271
272
273
274
275
276
277
278
279
280
281
282
283
284
285
286
287
288
289
290
291
292
293
294
295
296
297
298
299
300
301
302
303
304
305
306
307
308
309
310
311
312
313
314
315
316
317
318
319
320
321
322
262467
323
262468
324
262469
325
262470
326
262471
327
262472
328
262473
329
262474
330
262475
331
262476
332
262477
333
262478
334
262479
335
262480
336
262481
337
262482
338
262483
339
262484
340
262485
341
262486
342
262487
343
262488
344
262489
345
262490
346
262491
347
262492
348
262493
349
262494
350
262495
351
262496
352
262497
353
262498
354
262499
355
262500
356
262501
357
262502
358
262503
359
262504
360
262505
361
262506
362
262507
363
262508
364
262509
365
262510
366
262511
367
262512
368
262513
369
262514
370
262515
371
262516
372
262517
373
262518
374
262519
375
262520
376
262521
377
262522
378
262523
379
262524
380
262525
381
262526
382
262527
383
384
385
386
387
388
389
390
391
392
393
394
395
396
397
398
399
400
401
402
403
404
405
406
407
408
409
410
411
412
413
414
415
416
417
418
419
420
421
422
423
424
425
426
427
428
429
430
431
432
433
434
435
436
437
438
439
440
441
442
443
444
445
446
447
448
449
450
262595
451
262596
452
262597
453
262598
454
262599
455
262600
456
262601
457
262602
458
262603
459
262604
460
262605
461
262606
462
262607
463
262608
464
262609
465
262610
466
262611
467
262612
468
262613
469
262614
470
262615
471
262616
472
262617
473
262618
474
262619
475
262620
476
262621
477
262622
478
262623
479
262624
480
262625
481
262626
262627
262628
262629
262630
262631
262632
262633
262634
262635
262636
262637
262638
262639
262640
262641
262642
262643
262644
262645
262646
262647
262648
262649
262650
262651
262652
262653
262654
262655
512
513
514
515
516
517
518
519
520
521
522
523
524
525
526
527
528
529
530
531
532
533
534
535
536
537
538
539
540
541
542
543
544
545
546
547
548
549
550
551
552
553
554
555
556
557
558
559
560
561
562
563
564
565
566
567
568
569
570
571
572
573
574
575
576
577
578
579
262724
580
262725
581
262726
582
262727
583
262728
584
262729
585
262730
586
262731
587
262732
588
262733
589
262734
590
262735
591
262736
592
262737
593
262738
594
262739
595
262740
596
262741
597
262742
598
262743
599
262744
600
262745
601
262746
602
262747
603
262748
604
262749
605
262750
606
262751
607
262752
608
262753
609
262754
610
262755
611
262756
612
262757
613
262758
614
262759
615
262760
616
262761
617
262762
618
262763
619
262764
620
262765
621
262766
622
262767
623
262768
624
262769
625
262770
626
262771
627
262772
628
262773
629
262774
630
262775
631
262776
632
262777
633
262778
634
262779
635
262780
636
262781
637
262782
638
262783
639
640
641
642
643
644
645
646
647
648
649
650
651
652
653
654
655
656
657
658
659
660
661
662
663
664
665
666
667
668
669
670
671
672
673
674
675
676
677
678
679
680
681
682
683
684
685
686
687
688
689
690
691
692
693
694
695
696
697
698
699
700
701
702
703
704
705
706
707
262852
708
262853
709
262854
710
262855
711
262856
712
262857
713
262858
714
262859
715
262860
716
262861
717
262862
718
262863
719
262864
720
262865
721
262866
722
262867
723
262868
724
262869
725
262870
726
262871
727
262872
728
262873
729
262874
730
262875
731
262876
732
262877
733
262878
262879
262880
262881
262882
262883
262884
262885
262886
262887
262888
262889
262890
262891
262892
262893
262894
262895
262896
262897
262898
262899
262900
262901
262902
262903
262904
262905
262906
262907
262908
262909
262910
262911
768
769
770
771
772
773
774
775
776
777
778
779
780
781
782
783
784
785
786
787
788
789
790
791
792
793
794
795
796
797
798
799
800
801
802
803
804
805
806
807
808
809
810
811
812
813
814
815
816
817
818
819
820
821
822
823
824
825
826
827
828
829
830
831
832
833
834
835
262980
836
262981
837
262982
838
262983
839
262984
840
262985
841
262986
842
262987
843
262988
844
262989
845
262990
846
262991
847
262992
848
262993
849
262994
850
262995
851
262996
852
262997
853
262998
854
262999
855
263000
856
263001
857
263002
858
263003
859
263004
860
263005
861
263006
862
263007
863
263008
864
263009
865
263010
866
263011
867
263012
868
263013
869
263014
870
263015
871
263016
872
263017
873
263018
874
263019
875
263020
876
263021
877
263022
878
263023
879
263024
880
263025
881
263026
882
263027
883
263028
884
263029
885
263030
886
263031
887
263032
888
263033
889
263034
890
263035
891
263036
892
263037
893
263038
894
263039
895
896
897
898
899
900
901
902
903
904
905
906
907
908
909
910
911
912
913
914
915
916
917
918
919
920
921
922
923
924
925
926
927
928
929
930
931
932
933
934
935
936
937
938
939
940
941
942
943
944
945
946
947
948
949
950
951
952
953
954
955
956
957
958
959
960
961
962
963
964
263109
965
263110
966
263111
967
263112
968
263113
969
263114
970
263115
971
263116
972
263117
973
263118
974
263119
975
263120
976
263121
977
263122
978
263123
979
263124
980
263125
981
263126
982
263127
983
263128
984
263129
985
263130
263131
263132
263133
263134
263135
263136
263137
263138
263139
263140
263141
263142
263143
263144
263145
263146
263147
263148
263149
263150
263151
263152
263153
263154
263155
263156
263157
263158
263159
263160
263161
263162
263163
263164
263165
263166
263167
1024
1025
1026
1027
1028
1029
1030
1031
1032
1033
1034
1035
1036
1037
1038
1039
1040
1041
1042
1043
1044
1045
1046
1047
1048
1049
1050
1051
1052
1053
1054
1055
1056
1057
1058
1059
1060
1061
1062
1063
1064
1065
1066
1067
1068
1069
1070
1071
1072
1073
1074
1075
1076
1077
1078
1079
1080
1081
1082
1083
1084
1085
1086
1087
1088
1089
1090
1091
1092
263237
1093
263238
1094
263239
1095
263240
1096
263241
1097
263242
1098
263243
1099
263244
1100
263245
1101
263246
1102
263247
1103
263248
1104
263249
1105
263250
1106
263251
1107
263252
1108
263253
1109
263254
1110
263255
1111
263256
1112
263257
1113
263258
1114
263259
1115
263260
1116
263261
1117
263262
1118
263263
1119
263264
1120
263265
1121
263266
1122
263267
1123
263268
1124
263269
1125
263270
1126
263271
1127
263272
1128
263273
1129
263274
1130
263275
1131
263276
1132
263277
1133
263278
1134
263279
1135
263280
1136
263281
1137
263282
1138
263283
1139
263284
1140
263285
1141
263286
1142
263287
1143
263288
1144
263289
1145
263290
1146
263291
1147
263292
1148
263293
1149
263294
1150
263295
1151
1152
1153
1154
1155
1156
1157
1158
1159
1160
1161
1162
1163
1164
1165
1166
1167
1168
1169
1170
1171
1172
1173
1174
1175
1176
1177
1178
1179
1180
1181
1182
1183
1184
1185
1186
1187
1188
1189
1190
1191
1192
1193
1194
1195
1196
1197
1198
1199
1200
1201
1202
1203
1204
1205
1206
1207
1208
1209
1210
1211
1212
1213
1214
1215
1216
1217
1218
1219
1220
263365
1221
263366
1222
263367
1223
263368
1224
263369
1225
263370
1226
263371
1227
263372
1228
263373
1229
263374
1230
263375
1231
263376
1232
263377
1233
263378
1234
263379
1235
263380
1236
263381
1237
263382
1238
263383
263384
263385
263386
263387
263388
263389
263390
263391
263392
263393
263394
263395
263396
263397
263398
263399
263400
263401
263402
263403
263404
263405
263406
263407
263408
263409
263410
263411
263412
263413
263414
263415
263416
263417
263418
263419
263420
263421
263422
263423
1280
1281
1282
1283
1284
1285
1286
1287
1288
1289
1290
1291
1292
1293
1294
1295
1296
1297
1298
1299
1300
1301
1302
1303
1304
1305
1306
1307
1308
1309
1310
1311
1312
1313
1314
1315
1316
1317
1318
1319
1320
1321
1322
1323
1324
1325
1326
1327
1328
1329
1330
1331
1332
1333
1334
1335
1336
1337
1338
1339
1340
1341
1342
1343
1344
1345
1346
1347
1348
1349
263494
1350
263495
1351
263496
1352
263497
1353
263498
1354
263499
1355
263500
1356
263501
1357
263502
1358
263503
1359
263504
1360
263505
1361
263506
1362
263507
1363
263508
1364
263509
1365
263510
1366
263511
1367
263512
1368
263513
1369
263514
1370
263515
1371
263516
1372
263517
1373
263518
1374
263519
1375
263520
1376
263521
1377
263522
1378
263523
1379
263524
1380
263525
1381
263526
1382
263527
1383
263528
1384
263529
1385
263530
1386
263531
1387
263532
1388
263533
1389
263534
1390
263535
1391
263536
1392
263537
1393
263538
1394
263539
1395
263540
1396
263541
1397
263542
1398
263543
1399
263544
1400
263545
1401
263546
1402
263547
1403
263548
1404
263549
1405
263550
1406
263551
1407
1408
1409
1410
1411
1412
1413
1414
1415
1416
1417
1418
1419
1420
1421
1422
1423
1424
1425
1426
1427
1428
1429
1430
1431
1432
1433
1434
1435
1436
1437
1438
1439
1440
1441
1442
1443
1444
1445
1446
1447
1448
1449
1450
1451
1452
1453
1454
1455
1456
1457
1458
1459
1460
1461
1462
1463
1464
1465
1466
1467
1468
1469
1470
1471
1472
1473
1474
1475
1476
1477
263622
1478
263623
1479
263624
1480
263625
1481
263626
1482
263627
1483
263628
1484
263629
1485
263630
1486
263631
1487
263632
1488
263633
1489
263634
1490
263635
263636
263637
263638
263639
263640
263641
263642
263643
263644
263645
263646
263647
263648
263649
263650
263651
263652
263653
263654
263655
263656
263657
263658
263659
263660
263661
263662
263663
263664
263665
263666
263667
263668
263669
263670
263671
263672
263673
263674
263675
263676
263677
263678
263679
1536
1537
1538
1539
1540
1541
1542
1543
1544
1545
1546
1547
1548
1549
1550
1551
1552
1553
1554
1555
1556
1557
1558
1559
1560
1561
1562
1563
1564
1565
1566
1567
1568
1569
1570
1571
1572
1573
1574
1575
1576
1577
1578
1579
1580
1581
1582
1583
1584
1585
1586
1587
1588
1589
1590
1591
1592
1593
1594
1595
1596
1597
1598
1599
1600
1601
1602
1603
1604
1605
1606
263751
1607
263752
1608
263753
1609
263754
1610
263755
1611
263756
1612
263757
1613
263758
1614
263759
1615
263760
1616
263761
1617
263762
1618
263763
1619
263764
1620
263765
1621
263766
1622
263767
1623
263768
1624
263769
1625
263770
1626
263771
1627
263772
1628
263773
1629
263774
1630
263775
1631
263776
1632
263777
1633
263778
1634
263779
1635
263780
1636
263781
1637
263782
1638
263783
1639
263784
1640
263785
1641
263786
1642
263787
1643
263788
1644
263789
1645
263790
1646
263791
1647
263792
1648
263793
1649
263794
1650
263795
1651
263796
1652
263797
1653
263798
1654
263799
1655
263800
1656
263801
1657
263802
1658
263803
1659
263804
1660
263805
1661
263806
1662
263807
1663
1664
1665
1666
1667
1668
1669
1670
1671
1672
1673
1674
1675
1676
1677
1678
1679
1680
1681
1682
1683
1684
1685
1686
1687
1688
1689
1690
1691
1692
1693
1694
1695
1696
1697
1698
1699
1700
1701
1702
1703
1704
1705
1706
1707
1708
1709
1710
1711
1712
1713
1714
1715
1716
1717
1718
1719
1720
1721
1722
1723
1724
1725
1726
1727
1728
1729
1730
1731
1732
1733
1734
1735
263880
1736
263881
1737
263882
1738
263883
1739
263884
1740
263885
1741
263886
1742
263887
263888
263889
263890
263891
263892
263893
263894
263895
263896
263897
263898
263899
263900
263901
263902
263903
263904
263905
263906
263907
263908
263909
263910
263911
263912
263913
263914
263915
263916
263917
263918
263919
263920
263921
263922
263923
263924
263925
263926
263927
263928
263929
263930
263931
263932
263933
263934
263935
1792
1793
1794
1795
1796
1797
1798
1799
1800
1801
1802
1803
1804
1805
1806
1807
1808
1809
1810
1811
1812
1813
1814
1815
1816
1817
1818
1819
1820
1821
1822
1823
1824
1825
1826
1827
1828
1829
1830
1831
1832
1833
1834
1835
1836
1837
1838
1839
1840
1841
1842
1843
1844
1845
1846
1847
1848
1849
1850
1851
1852
1853
1854
1855
1856
1857
1858
1859
1860
1861
1862
1863
264008
1864
264009
1865
264010
1866
264011
1867
264012
1868
264013
1869
264014
1870
264015
1871
264016
1872
264017
1873
264018
1874
264019
1875
264020
1876
264021
1877
264022
1878
264023
1879
264024
1880
264025
1881
264026
1882
264027
1883
264028
1884
264029
1885
264030
1886
264031
1887
264032
1888
264033
1889
264034
1890
264035
1891
264036
1892
264037
1893
264038
1894
264039
1895
264040
1896
264041
1897
264042
1898
264043
1899
264044
1900
264045
1901
264046
1902
264047
1903
264048
1904
264049
1905
264050
1906
264051
1907
264052
1908
264053
1909
264054
1910
264055
1911
264056
1912
264057
1913
264058
1914
264059
1915
264060
1916
264061
1917
264062
1918
264063
1919
1920
1921
1922
1923
1924
1925
1926
1927
1928
1929
1930
1931
1932
1933
1934
1935
1936
1937
1938
1939
1940
1941
1942
1943
1944
1945
1946
1947
1948
1949
1950
1951
1952
1953
1954
1955
1956
1957
1958
1959
1960
1961
1962
1963
1964
1965
1966
1967
1968
1969
1970
1971
1972
1973
1974
1975
1976
1977
1978
1979
1980
1981
1982
1983
1984
1985
1986
1987
1988
1989
1990
1991
1992
264137
1993
264138
1994
264139
264140
264141
264142
264143
264144
264145
264146
264147
264148
264149
264150
264151
264152
264153
264154
264155
264156
264157
264158
264159
264160
264161
264162
264163
264164
264165
264166
264167
264168
264169
264170
264171
264172
264173
264174
264175
264176
264177
264178
264179
264180
264181
264182
264183
264184
264185
264186
264187
264188
264189
264190
264191
2048
2049
2050
2051
2052
2053
2054
2055
2056
2057
2058
2059
2060
2061
2062
2063
2064
2065
2066
2067
2068
2069
2070
2071
2072
2073
2074
2075
2076
2077
2078
2079
2080
2081
2082
2083
2084
2085
2086
2087
2088
2089
2090
2091
2092
2093
2094
2095
2096
2097
2098
2099
2100
2101
2102
2103
2104
2105
2106
2107
2108
2109
2110
2111
2112
2113
2114
2115
2116
2117
2118
2119
2120
2121
264266
2122
264267
2123
264268
2124
264269
2125
264270
2126
264271
2127
264272
2128
264273
2129
264274
2130
264275
2131
264276
2132
264277
2133
264278
2134
264279
2135
264280
2136
264281
2137
264282
2138
264283
2139
264284
2140
264285
2141
264286
2142
264287
2143
264288
2144
264289
2145
264290
2146
264291
2147
264292
2148
264293
2149
264294
2150
264295
2151
264296
2152
264297
2153
264298
2154
264299
2155
264300
2156
264301
2157
264302
2158
264303
2159
264304
2160
264305
2161
264306
2162
264307
2163
264308
2164
264309
2165
264310
2166
264311
2167
264312
2168
264313
2169
264314
2170
264315
2171
264316
2172
264317
2173
264318
2174
264319
2175
2176
2177
2178
2179
2180
2181
2182
2183
2184
2185
2186
2187
2188
2189
2190
2191
2192
2193
2194
2195
2196
2197
2198
2199
2200
2201
2202
2203
2204
2205
2206
2207
2208
2209
2210
2211
2212
2213
2214
2215
2216
2217
2218
2219
2220
2221
2222
2223
2224
2225
2226
2227
2228
2229
2230
2231
2232
2233
2234
2235
2236
2237
2238
2239
2240
2241
2242
2243
2244
2245
2246
264394
264395
264396
264397
264398
264399
264400
264401
264402
264403
264404
264405
264406
264407
264408
264409
264410
264411
264412
264413
264414
264415
264416
264417
264418
264419
264420
264421
264422
264423
264424
264425
264426
264427
264428
264429
264430
264431
264432
264433
264434
264435
264436
264437
264438
264439
264440
264441
264442
264443
264444
264445
264446
264447
2304
2305
2306
2307
2308
2309
2310
2311
2312
2313
2314
2315
2316
2317
2318
2319
2320
2321
2322
2323
2324
2325
2326
2327
2328
2329
2330
2331
2332
2333
2334
2335
2336
2337
2338
2339
2340
2341
2342
2343
2344
2345
2346
2347
2348
2349
2350
2351
2352
2353
2354
2355
2356
2357
2358
2359
2360
2361
2362
2363
2364
2365
2366
2367
2368
2369
2370
2371
2372
2373
2374
2375
2376
2377
2378
264523
2379
264524
2380
264525
2381
264526
2382
264527
2383
264528
2384
264529
2385
264530
2386
264531
2387
264532
2388
264533
2389
264534
2390
264535
2391
264536
2392
264537
2393
264538
2394
264539
2395
264540
2396
264541
2397
264542
2398
264543
2399
264544
2400
264545
2401
264546
2402
264547
2403
264548
2404
264549
2405
264550
2406
264551
2407
264552
2408
264553
2409
264554
2410
264555
2411
264556
2412
264557
2413
264558
2414
264559
2415
264560
2416
264561
2417
264562
2418
264563
2419
264564
2420
264565
2421
264566
2422
264567
2423
264568
2424
264569
2425
264570
2426
264571
2427
264572
2428
264573
2429
264574
2430
264575
2431
2432
2433
2434
2435
2436
2437
2438
2439
2440
2441
2442
2443
2444
2445
2446
2447
2448
2449
2450
2451
2452
2453
2454
2455
2456
2457
2458
2459
2460
2461
2462
2463
2464
2465
2466
2467
2468
2469
2470
2471
2472
2473
2474
2475
2476
2477
2478
2479
2480
2481
2482
2483
2484
2485
2486
2487
2488
2489
2490
2491
2492
2493
2494
2495
2496
2497
2498
264652
264653
264654
264655
264656
264657
264658
264659
264660
264661
264662
264663
264664
264665
264666
264667
264668
264669
264670
264671
264672
264673
264674
264675
264676
264677
264678
264679
264680
264681
264682
264683
264684
264685
264686
264687
264688
264689
264690
264691
264692
264693
264694
264695
264696
264697
264698
264699
264700
264701
264702
264703
2560
2561
2562
2563
2564
2565
2566
2567
2568
2569
2570
2571
2572
2573
2574
2575
2576
2577
2578
2579
2580
2581
2582
2583
2584
2585
2586
2587
2588
2589
2590
2591
2592
2593
2594
2595
2596
2597
2598
2599
2600
2601
2602
2603
2604
2605
2606
2607
2608
2609
2610
2611
2612
2613
2614
2615
2616
2617
2618
2619
2620
2621
2622
2623
2624
2625
2626
2627
2628
2629
2630
2631
2632
2633
2634
2635
2636
264781
2637
264782
2638
264783
2639
264784
2640
264785
2641
264786
2642
264787
2643
264788
2644
264789
2645
264790
2646
264791
2647
264792
2648
264793
2649
264794
2650
264795
2651
264796
2652
264797
2653
264798
2654
264799
2655
264800
2656
264801
2657
264802
2658
264803
2659
264804
2660
264805
2661
264806
2662
264807
2663
264808
2664
264809
2665
264810
2666
264811
2667
264812
2668
264813
2669
264814
2670
264815
2671
264816
2672
264817
2673
264818
2674
264819
2675
264820
2676
264821
2677
264822
2678
264823
2679
264824
2680
264825
2681
264826
2682
264827
2683
264828
2684
264829
2685
264830
2686
264831
2687
2688
2689
2690
2691
2692
2693
2694
2695
2696
2697
2698
2699
2700
2701
2702
2703
2704
2705
2706
2707
2708
2709
2710
2711
2712
2713
2714
2715
2716
2717
2718
2719
2720
2721
2722
2723
2724
2725
2726
2727
2728
2729
2730
2731
2732
2733
2734
2735
2736
2737
2738
2739
2740
2741
2742
2743
2744
2745
2746
2747
2748
2749
2750
264909
264910
264911
264912
264913
264914
264915
264916
264917
264918
264919
264920
264921
264922
264923
264924
264925
264926
264927
264928
264929
264930
264931
264932
264933
264934
264935
264936
264937
264938
264939
264940
264941
264942
264943
264944
264945
264946
264947
264948
264949
264950
264951
264952
264953
264954
264955
264956
264957
264958
264959
2816
2817
2818
2819
2820
2821
2822
2823
2824
2825
2826
2827
2828
2829
2830
2831
2832
2833
2834
2835
2836
2837
2838
2839
2840
2841
2842
2843
2844
2845
2846
2847
2848
2849
2850
2851
2852
2853
2854
2855
2856
2857
2858
2859
2860
2861
2862
2863
2864
2865
2866
2867
2868
2869
2870
2871
2872
2873
2874
2875
2876
2877
2878
2879
2880
2881
2882
2883
2884
2885
2886
2887
2888
2889
2890
2891
2892
2893
265038
2894
265039
2895
265040
2896
265041
2897
265042
2898
265043
2899
265044
2900
265045
2901
265046
2902
265047
2903
265048
2904
265049
2905
265050
2906
265051
2907
265052
2908
265053
2909
265054
2910
265055
2911
265056
2912
265057
2913
265058
2914
265059
2915
265060
2916
265061
2917
265062
2918
265063
2919
265064
2920
265065
2921
265066
2922
265067
2923
265068
2924
265069
2925
265070
2926
265071
2927
265072
2928
265073
2929
265074
2930
265075
2931
265076
2932
265077
2933
265078
2934
265079
2935
265080
2936
265081
2937
265082
2938
265083
2939
265084
2940
265085
2941
265086
2942
265087
2943
2944
2945
2946
2947
2948
2949
2950
2951
2952
2953
2954
2955
2956
2957
2958
2959
2960
2961
2962
2963
2964
2965
2966
2967
2968
2969
2970
2971
2972
2973
2974
2975
2976
2977
2978
2979
2980
2981
2982
2983
2984
2985
2986
2987
2988
2989
2990
2991
2992
2993
2994
2995
2996
2997
2998
2999
3000
3001
3002
265167
265168
265169
265170
265171
265172
265173
265174
265175
265176
265177
265178
265179
265180
265181
265182
265183
265184
265185
265186
265187
265188
265189
265190
265191
265192
265193
265194
265195
265196
265197
265198
265199
265200
265201
265202
265203
265204
265205
265206
265207
265208
265209
265210
265211
265212
265213
265214
265215
3072
3073
3074
3075
3076
3077
3078
3079
3080
3081
3082
3083
3084
3085
3086
3087
3088
3089
3090
3091
3092
3093
3094
3095
3096
3097
3098
3099
3100
3101
3102
3103
3104
3105
3106
3107
3108
3109
3110
3111
3112
3113
3114
3115
3116
3117
3118
3119
3120
3121
3122
3123
3124
3125
3126
3127
3128
3129
3130
3131
3132
3133
3134
3135
3136
3137
3138
3139
3140
3141
3142
3143
3144
3145
3146
3147
3148
3149
3150
3151
265296
3152
265297
3153
265298
3154
265299
3155
265300
3156
265301
3157
265302
3158
265303
3159
265304
3160
265305
3161
265306
3162
265307
3163
265308
3164
265309
3165
265310
3166
265311
3167
265312
3168
265313
3169
265314
3170
265315
3171
265316
3172
265317
3173
265318
3174
265319
3175
265320
3176
265321
3177
265322
3178
265323
3179
265324
3180
265325
3181
265326
3182
265327
3183
265328
3184
265329
3185
265330
3186
265331
3187
265332
3188
265333
3189
265334
3190
265335
3191
265336
3192
265337
3193
265338
3194
265339
3195
265340
3196
265341
3197
265342
3198
265343
3199
3200
3201
3202
3203
3204
3205
3206
3207
3208
3209
3210
3211
3212
3213
3214
3215
3216
3217
3218
3219
3220
3221
3222
3223
3224
3225
3226
3227
3228
3229
3230
3231
3232
3233
3234
3235
3236
3237
3238
3239
3240
3241
3242
3243
3244
3245
3246
3247
3248
3249
3250
3251
3252
3253
3254
265425
265426
265427
265428
265429
265430
265431
265432
265433
265434
265435
265436
265437
265438
265439
265440
265441
265442
265443
265444
265445
265446
265447
265448
265449
265450
265451
265452
265453
265454
265455
265456
265457
265458
265459
265460
265461
265462
265463
265464
265465
265466
265467
265468
265469
265470
265471
3328
3329
3330
3331
3332
3333
3334
3335
3336
3337
3338
3339
3340
3341
3342
3343
3344
3345
3346
3347
3348
3349
3350
3351
3352
3353
3354
3355
3356
3357
3358
3359
3360
3361
3362
3363
3364
3365
3366
3367
3368
3369
3370
3371
3372
3373
3374
3375
3376
3377
3378
3379
3380
3381
3382
3383
3384
3385
3386
3387
3388
3389
3390
3391
3392
3393
3394
3395
3396
3397
3398
3399
3400
3401
3402
3403
3404
3405
3406
3407
3408
3409
265554
3410
265555
3411
265556
3412
265557
3413
265558
3414
265559
3415
265560
3416
265561
3417
265562
3418
265563
3419
265564
3420
265565
3421
265566
3422
265567
3423
265568
3424
265569
3425
265570
3426
265571
3427
265572
3428
265573
3429
265574
3430
265575
3431
265576
3432
265577
3433
265578
3434
265579
3435
265580
3436
265581
3437
265582
3438
265583
3439
265584
3440
265585
3441
265586
3442
265587
3443
265588
3444
265589
3445
265590
3446
265591
3447
265592
3448
265593
3449
265594
3450
265595
3451
265596
3452
265597
3453
265598
3454
265599
3455
3456
3457
3458
3459
3460
3461
3462
3463
3464
3465
3466
3467
3468
3469
3470
3471
3472
3473
3474
3475
3476
3477
3478
3479
3480
3481
3482
3483
3484
3485
3486
3487
3488
3489
3490
3491
3492
3493
3494
3495
3496
3497
3498
3499
3500
3501
3502
3503
3504
3505
265683
265684
265685
265686
265687
265688
265689
265690
265691
265692
265693
265694
265695
265696
265697
265698
265699
265700
265701
265702
265703
265704
265705
265706
265707
265708
265709
265710
265711
265712
265713
265714
265715
265716
265717
265718
265719
265720
265721
265722
265723
265724
265725
265726
265727
3584
3585
3586
3587
3588
3589
3590
3591
3592
3593
3594
3595
3596
3597
3598
3599
3600
3601
3602
3603
3604
3605
3606
3607
3608
3609
3610
3611
3612
3613
3614
3615
3616
3617
3618
3619
3620
3621
3622
3623
3624
3625
3626
3627
3628
3629
3630
3631
3632
3633
3634
3635
3636
3637
3638
3639
3640
3641
3642
3643
3644
3645
3646
3647
3648
3649
3650
3651
3652
3653
3654
3655
3656
3657
3658
3659
3660
3661
3662
3663
3664
3665
3666
3667
265812
3668
265813
3669
265814
3670
265815
3671
265816
3672
265817
3673
265818
3674
265819
3675
265820
3676
265821
3677
265822
3678
265823
3679
265824
3680
265825
3681
265826
3682
265827
3683
265828
3684
265829
3685
265830
3686
265831
3687
265832
3688
265833
3689
265834
3690
265835
3691
265836
3692
265837
3693
265838
3694
265839
3695
265840
3696
265841
3697
265842
3698
265843
3699
265844
3700
265845
3701
265846
3702
265847
3703
265848
3704
265849
3705
265850
3706
265851
3707
265852
3708
265853
3709
265854
3710
265855
3711
3712
3713
3714
3715
3716
3717
3718
3719
3720
3721
3722
3723
3724
3725
3726
3727
3728
3729
3730
3731
3732
3733
3734
3735
3736
3737
3738
3739
3740
3741
3742
3743
3744
3745
3746
3747
3748
3749
3750
3751
3752
3753
3754
3755
3756
3757
265941
265942
265943
265944
265945
265946
265947
265948
265949
265950
265951
265952
265953
265954
265955
265956
265957
265958
265959
265960
265961
265962
265963
265964
265965
265966
265967
265968
265969
265970
265971
265972
265973
265974
265975
265976
265977
265978
265979
265980
265981
265982
265983
3840
52992
3841
3842
3843
3844
3845
3846
3847
3848
3849
3850
3851
3852
3853
3854
3855
3856
3857
3858
3859
3860
3861
3862
3863
3864
3865
3866
3867
3868
3869
3870
3871
3872
3873
3874
3875
3876
3877
3878
3879
3880
3881
3882
3883
3884
3885
3886
3887
3888
3889
3890
3891
3892
3893
3894
3895
3896
3897
3898
3899
3900
3901
3902
3903
3904
3905
3906
3907
3908
3909
3910
3911
3912
3913
3914
3915
3916
3917
3918
3919
3920
3921
3922
3923
3924
3925
266070
3926
266071
3927
266072
3928
266073
3929
266074
3930
266075
3931
266076
3932
266077
3933
266078
3934
266079
3935
266080
3936
266081
3937
266082
3938
266083
3939
266084
3940
266085
3941
266086
3942
266087
3943
266088
3944
266089
3945
266090
3946
266091
3947
266092
3948
266093
3949
266094
3950
266095
3951
266096
3952
266097
3953
266098
3954
266099
3955
266100
3956
266101
3957
266102
3958
266103
3959
266104
3960
266105
3961
266106
3962
266107
3963
266108
3964
266109
3965
266110
3966
266111
3967
3968
3969
3970
3971
3972
3973
3974
3975
3976
3977
3978
3979
3980
3981
3982
3983
3984
3985
3986
3987
3988
3989
3990
3991
3992
3993
3994
3995
3996
3997
3998
3999
4000
4001
4002
4003
4004
4005
4006
4007
4008
266199
266200
266201
266202
266203
266204
266205
266206
266207
266208
266209
266210
266211
266212
266213
266214
266215
266216
266217
266218
266219
266220
266221
266222
266223
266224
266225
266226
266227
266228
266229
266230
266231
266232
266233
266234
266235
266236
266237
266238
266239
4096
53248
4097
4098
4099
4100
4101
4102
4103
4104
4105
4106
4107
4108
4109
4115
4116
4117
4118
4119
4120
4121
4122
4123
4124
4125
4126
4127
4128
4129
4130
4131
4132
4133
4134
4135
4136
4137
4138
4139
4140
4141
4142
4143
4144
4145
4146
4147
4148
4149
4150
4151
4152
4153
4154
4155
4156
4157
4158
4159
4160
4161
4162
4163
4164
4165
4166
4167
4168
4169
4170
4171
4172
4173
4174
4175
4176
4177
4178
4179
4180
4181
4182
4183
266328
4184
266329
4185
266330
4186
266331
4187
266332
4188
266333
4189
266334
4190
266335
4191
266336
4192
266337
4193
266338
4194
266339
4195
266340
4196
266341
4197
266342
4198
266343
4199
266344
4200
266345
4201
266346
4202
266347
4203
266348
4204
266349
4205
266350
4206
266351
4207
266352
4208
266353
4209
266354
4210
266355
4211
266356
4212
266357
4213
266358
4214
266359
4215
266360
4216
266361
4217
266362
4218
266363
4219
266364
4220
266365
4221
266366
4222
266367
4223
4224
4225
4226
4227
4228
4229
4230
4231
4232
4233
4234
4235
4236
4237
4238
4239
4240
4241
4242
4243
4244
4245
4246
4247
4248
4249
4250
4251
4252
4253
4254
4255
4256
4257
4258
4259
266457
266458
266459
266460
266461
266462
266463
266464
266465
266466
266467
266468
266469
266470
266471
266472
266473
266474
266475
266476
266477
266478
266479
266480
266481
266482
266483
266484
266485
266486
266487
266488
266489
266490
266491
266492
266493
266494
266495
4352
53504
4353
4354
4355
4356
4357
4358
4359
4360
4361
4362
4363
4364
4377
4378
4379
4380
4381
4382
4383
4384
4385
4386
4387
4388
4389
4390
4391
4392
4393
4394
4395
4396
4397
4398
4399
4400
4401
4402
4403
4404
4405
4406
4407
4408
4409
4410
4411
4412
4413
4414
4415
4416
4417
4418
4419
4420
4421
4422
4423
4424
4425
4426
4427
4428
4429
4430
4431
4432
4433
4434
4435
4436
4437
4438
4439
4440
4441
266586
4442
266587
4443
266588
4444
266589
4445
266590
4446
266591
4447
266592
4448
266593
4449
266594
4450
266595
4451
266596
4452
266597
4453
266598
4454
266599
4455
266600
4456
266601
4457
266602
4458
266603
4459
266604
4460
266605
4461
266606
4462
266607
4463
266608
4464
266609
4465
266610
4466
266611
4467
266612
4468
266613
4469
266614
4470
266615
4471
266616
4472
266617
4473
266618
4474
266619
4475
266620
4476
266621
4477
266622
4478
266623
4479
4480
4481
4482
4483
4484
4485
4486
4487
4488
4489
4490
4491
4492
4493
4494
4495
4496
4497
4498
4499
4500
4501
4502
4503
4504
4505
4506
4507
4508
4509
4510
266715
266716
266717
266718
266719
266720
266721
266722
266723
266724
266725
266726
266727
266728
266729
266730
266731
266732
266733
266734
266735
266736
266737
266738
266739
266740
266741
266742
266743
266744
266745
266746
266747
266748
266749
266750
266751
4608
53760
4609
53761
4610
4611
4612
4613
4614
4615
4616
4617
4618
4619
4620
4638
4639
4640
4641
4642
4643
4644
4645
4646
4647
4648
4649
4650
4651
4652
4653
4654
4655
4656
4657
4658
4659
4660
4661
4662
4663
4664
4665
4666
4667
4668
4669
4670
4671
4672
4673
4674
4675
4676
4677
4678
4679
4680
4681
4682
4683
4684
4685
4686
4687
4688
4689
4690
4691
4692
4693
4694
4695
4696
4697
4698
4699
266844
4700
266845
4701
266846
4702
266847
4703
266848
4704
266849
4705
266850
4706
266851
4707
266852
4708
266853
4709
266854
4710
266855
4711
266856
4712
266857
4713
266858
4714
266859
4715
266860
4716
266861
4717
266862
4718
266863
4719
266864
4720
266865
4721
266866
4722
266867
4723
266868
4724
266869
4725
266870
4726
266871
4727
266872
4728
266873
4729
266874
4730
266875
4731
266876
4732
266877
4733
316030
266878
4734
316031
266879
4735
4736
4737
4738
4739
4740
4741
4742
4743
4744
4745
4746
4747
4748
4749
4750
4751
4752
4753
4754
4755
4756
4757
4758
4759
4760
266973
266974
266975
266976
266977
266978
266979
266980
266981
266982
266983
266984
266985
266986
266987
266988
266989
266990
266991
266992
266993
266994
266995
266996
266997
266998
266999
267000
267001
267002
267003
316156
267004
316157
267005
316158
267006
316159
267007
4864
54016
4865
54017
4866
4867
4868
4869
4870
4871
4872
4873
4874
4875
4900
4901
4902
4903
4904
4905
4906
4907
4908
4909
4910
4911
4912
4913
4914
4915
4916
4917
4918
4919
4920
4921
4922
4923
4924
4925
4926
4927
4928
4929
4930
4931
4932
4933
4934
4935
4936
4937
4938
4939
4940
4941
4942
4943
4944
4945
4946
4947
4948
4949
4950
4951
4952
4953
4954
4955
4956
4957
267102
4958
267103
4959
267104
4960
267105
4961
267106
4962
267107
4963
267108
4964
267109
4965
267110
4966
267111
4967
267112
4968
267113
4969
267114
4970
267115
4971
267116
4972
267117
4973
267118
4974
267119
4975
267120
4976
267121
4977
267122
4978
267123
4979
267124
4980
267125
4981
267126
4982
267127
4983
267128
4984
267129
4985
267130
4986
316283
267131
4987
316284
267132
4988
316285
267133
4989
316286
267134
4990
316287
267135
4991
4992
4993
4994
4995
4996
4997
4998
4999
5000
5001
5002
5003
5004
5005
5006
5007
5008
5009
5010
267231
267232
267233
267234
267235
267236
267237
267238
267239
267240
267241
267242
267243
267244
267245
267246
267247
267248
267249
267250
267251
267252
267253
267254
267255
267256
316409
267257
316410
267258
316411
267259
316412
267260
316413
267261
316414
267262
316415
267263
5120
54272
5121
54273
5122
54274
5123
5124
5125
5126
5127
5128
5129
5130
5131
5163
5164
5165
5166
5167
5168
5169
5170
5171
5172
5173
5174
5175
5176
5177
5178
5179
5180
5181
5182
5183
5184
5185
5186
5187
5188
5189
5190
5191
5192
5193
5194
5195
5196
5197
5198
5199
5200
5201
5202
5203
5204
5205
5206
5207
5208
5209
5210
5211
5212
5213
5214
5215
267360
5216
267361
5217
267362
5218
267363
5219
267364
5220
267365
5221
267366
5222
267367
5223
267368
5224
267369
5225
267370
5226
267371
5227
267372
5228
267373
5229
267374
5230
267375
5231
267376
5232
267377
5233
267378
5234
267379
5235
267380
5236
267381
5237
267382
5238
316535
267383
5239
316536
267384
5240
316537
267385
5241
316538
267386
5242
316539
267387
5243
316540
267388
5244
316541
267389
5245
316542
267390
5246
316543
267391
5247
5248
5249
5250
5251
5252
5253
5254
5255
5256
5257
5258
5259
5260
267489
267490
267491
267492
267493
267494
267495
267496
267497
267498
267499
267500
267501
267502
267503
267504
267505
267506
267507
267508
316661
267509
316662
267510
316663
267511
316664
267512
316665
267513
316666
267514
316667
267515
316668
267516
316669
267517
316670
267518
316671
267519
5376
54528
5377
54529
5378
54530
5379
5380
5381
5382
5383
5384
5385
5386
5426
5427
5428
5429
5430
5431
5432
5433
5434
5435
5436
5437
5438
5439
5440
5441
5442
5443
5444
5445
5446
5447
5448
5449
5450
5451
5452
5453
5454
5455
5456
5457
5458
5459
5460
5461
5462
5463
5464
5465
5466
5467
5468
5469
5470
5471
5472
5473
267618
5474
267619
5475
267620
5476
267621
5477
267622
5478
267623
5479
267624
5480
267625
5481
267626
5482
267627
5483
267628
5484
267629
5485
267630
5486
267631
5487
267632
5488
267633
5489
267634
5490
316787
267635
5491
316788
267636
5492
316789
267637
5493
316790
267638
5494
316791
267639
5495
316792
267640
5496
316793
267641
5497
316794
267642
5498
316795
267643
5499
316796
267644
5500
316797
267645
5501
316798
267646
5502
316799
267647
5503
5504
5505
5506
5507
5508
267747
267748
267749
267750
267751
267752
267753
267754
267755
267756
267757
267758
267759
267760
316913
267761
316914
267762
316915
267763
316916
267764
316917
267765
316918
267766
316919
267767
316920
267768
316921
267769
316922
267770
316923
267771
316924
267772
316925
267773
316926
267774
316927
267775
5632
54784
5633
54785
5634
54786
5635
5636
5637
5638
5639
5640
5641
5642
5691
5692
5693
5694
5695
5696
5697
5698
5699
5700
5701
5702
5703
5704
5705
5706
5707
5708
5709
5710
5711
5712
5713
5714
5715
5716
5717
5718
5719
5720
5721
5722
5723
5724
5725
5726
5727
5728
5729
5730
5731
267876
5732
267877
5733
267878
5734
267879
5735
267880
5736
267881
5737
267882
5738
267883
5739
267884
5740
267885
5741
267886
5742
317039
267887
5743
317040
267888
5744
317041
267889
5745
317042
267890
5746
317043
267891
5747
317044
267892
5748
317045
267893
5749
317046
267894
5750
317047
267895
5751
317048
267896
5752
317049
267897
5753
317050
267898
5754
317051
267899
5755
317052
267900
317053
267901
317054
267902
317055
267903
268005
268006
268007
268008
268009
268010
268011
268012
317165
268013
317166
268014
317167
268015
317168
268016
317169
268017
317170
268018
317171
268019
317172
268020
317173
268021
317174
268022
317175
268023
317176
268024
317177
268025
317178
268026
317179
268027
317180
268028
317181
268029
317182
268030
317183
268031
5888
55040
5889
55041
5890
55042
5891
55043
5892
5893
5894
5895
5896
5897
5959
5960
5961
5962
5963
5964
5965
5966
5967
5968
5969
5970
5971
5972
5973
5974
5975
5976
5977
5978
5979
5980
5981
5982
5983
5984
5985
5986
5987
5988
5989
268134
5990
268135
5991
268136
5992
268137
5993
268138
5994
317291
268139
5995
317292
268140
5996
317293
268141
5997
317294
268142
5998
317295
268143
5999
317296
268144
317297
268145
317298
268146
317299
268147
317300
268148
317301
268149
317302
268150
317303
268151
317304
268152
317305
268153
317306
268154
317307
268155
317308
268156
317309
268157
317310
268158
317311
268159
268263
268264
317417
268265
317418
268266
317419
268267
317420
268268
317421
268269
317422
268270
317423
268271
317424
268272
317425
268273
317426
268274
317427
268275
317428
268276
317429
268277
317430
268278
317431
268279
317432
268280
317433
268281
317434
268282
317435
268283
317436
268284
317437
268285
317438
268286
317439
268287
6144
55296
6145
55297
6146
55298
6147
55299
6148
6149
6150
6151
6152
6153
317543
317544
268392
317545
268393
317546
268394
317547
268395
317548
268396
317549
268397
317550
268398
317551
268399
317552
268400
317553
268401
317554
268402
317555
268403
317556
268404
317557
268405
317558
268406
317559
268407
317560
268408
317561
268409
317562
268410
317563
268411
317564
268412
317565
268413
317566
268414
317567
268415
317669
317670
317671
317672
317673
268521
317674
268522
317675
268523
317676
268524
317677
268525
317678
268526
317679
268527
317680
268528
317681
268529
317682
268530
317683
268531
317684
268532
317685
268533
317686
268534
317687
268535
317688
268536
317689
268537
317690
268538
317691
268539
317692
268540
317693
268541
317694
268542
317695
268543
6400
55552
6401
55553
6402
55554
6403
55555
6404
6405
6406
6407
6408
317795
317796
317797
317798
317799
317800
317801
317802
268650
317803
268651
317804
268652
317805
268653
317806
268654
317807
268655
317808
268656
317809
268657
317810
268658
317811
268659
317812
268660
317813
268661
317814
268662
317815
268663
317816
268664
317817
268665
317818
268666
317819
268667
317820
268668
317821
268669
317822
268670
317823
268671
317921
317922
317923
317924
317925
317926
317927
317928
317929
317930
317931
268779
317932
268780
317933
268781
317934
268782
317935
268783
317936
268784
317937
268785
317938
268786
317939
268787
317940
268788
317941
268789
317942
268790
317943
268791
317944
268792
317945
268793
317946
268794
317947
268795
317948
268796
317949
268797
317950
268798
317951
268799
6656
55808
6657
55809
6658
55810
6659
55811
6660
55812
6661
6662
6663
6664
318047
318048
318049
318050
318051
318052
318053
318054
318055
318056
318057
318058
318059
318060
268908
318061
268909
318062
268910
318063
268911
318064
268912
318065
268913
318066
268914
318067
268915
318068
268916
318069
268917
318070
268918
318071
268919
318072
268920
318073
268921
318074
268922
318075
268923
318076
268924
318077
268925
318078
268926
318079
268927
318173
318174
318175
318176
318177
318178
318179
318180
318181
318182
318183
318184
318185
318186
318187
318188
318189
269037
318190
269038
318191
269039
318192
269040
318193
269041
318194
269042
318195
269043
318196
269044
318197
269045
318198
269046
318199
269047
318200
269048
318201
269049
318202
269050
318203
269051
318204
269052
318205
269053
318206
269054
318207
269055
6912
56064
6913
56065
6914
56066
6915
56067
6916
56068
6917
6918
6919
318299
318300
318301
318302
318303
318304
318305
318306
318307
318308
318309
318310
318311
318312
318313
318314
318315
318316
318317
318318
269166
318319
269167
318320
269168
318321
269169
318322
269170
318323
269171
318324
269172
318325
269173
318326
269174
318327
269175
318328
269176
318329
269177
318330
269178
318331
269179
318332
269180
318333
269181
318334
269182
318335
269183
318425
318426
318427
318428
318429
318430
318431
318432
318433
318434
318435
318436
318437
318438
318439
318440
318441
318442
318443
318444
318445
318446
318447
269295
318448
269296
318449
269297
318450
269298
318451
269299
318452
269300
318453
269301
318454
269302
318455
269303
318456
269304
318457
269305
318458
269306
318459
269307
318460
269308
318461
269309
318462
269310
318463
269311
7168
56320
7169
56321
7170
56322
7171
56323
7172
56324
7173
7174
7175
318551
318552
318553
318554
318555
318556
318557
318558
318559
318560
318561
318562
318563
318564
318565
318566
318567
318568
318569
318570
318571
318572
318573
318574
318575
318576
269424
318577
269425
318578
269426
318579
269427
318580
269428
318581
269429
318582
269430
318583
269431
318584
269432
318585
269433
318586
269434
318587
269435
318588
269436
318589
269437
318590
269438
318591
269439
318677
318678
318679
318680
318681
318682
318683
318684
318685
318686
318687
318688
318689
318690
318691
318692
318693
318694
318695
318696
318697
318698
318699
318700
318701
318702
318703
318704
318705
269553
318706
269554
318707
269555
318708
269556
318709
269557
318710
269558
318711
269559
318712
269560
318713
269561
318714
269562
318715
269563
318716
269564
318717
269565
318718
269566
318719
269567
7424
56576
7425
56577
7426
56578
7427
56579
7428
56580
7429
56581
7430
7431
318803
318804
318805
318806
318807
318808
318809
318810
318811
318812
318813
318814
318815
318816
318817
318818
318819
318820
318821
318822
318823
318824
318825
318826
318827
318828
318829
318830
318831
318832
318833
318834
269682
318835
269683
318836
269684
318837
269685
318838
269686
318839
269687
318840
269688
318841
269689
318842
269690
318843
269691
318844
269692
318845
269693
318846
269694
318847
269695
318929
318930
318931
318932
318933
318934
318935
318936
318937
318938
318939
318940
318941
318942
318943
318944
318945
318946
318947
318948
318949
318950
318951
318952
318953
318954
318955
318956
318957
318958
318959
318960
318961
318962
318963
269811
318964
269812
318965
269813
318966
269814
318967
269815
318968
269816
318969
269817
318970
269818
318971
269819
318972
269820
318973
269821
318974
269822
318975
269823
7680
56832
7681
56833
7682
56834
7683
56835
7684
56836
7685
56837
7686
319055
319056
319057
319058
319059
319060
319061
319062
319063
319064
319065
319066
319067
319068
319069
319070
319071
319072
319073
319074
319075
319076
319077
319078
319079
319080
319081
319082
319083
319084
319085
319086
319087
319088
319089
319090
319091
319092
269940
319093
269941
319094
269942
319095
269943
319096
269944
319097
269945
319098
269946
319099
269947
319100
269948
319101
269949
319102
269950
319103
269951
319181
319182
319183
319184
319185
319186
319187
319188
319189
319190
319191
319192
319193
319194
319195
319196
319197
319198
319199
319200
319201
319202
319203
319204
319205
319206
319207
319208
319209
319210
319211
319212
319213
319214
319215
319216
319217
319218
319219
319220
319221
270069
319222
270070
319223
270071
319224
270072
319225
270073
319226
270074
319227
270075
319228
270076
319229
270077
319230
270078
319231
270079
7936
57088
7937
57089
7938
57090
7939
57091
7940
57092
7941
57093
7942
57094
319307
319308
319309
319310
319311
319312
319313
319314
319315
319316
319317
319318
319319
319320
319321
319322
319323
319324
319325
319326
319327
319328
319329
319330
319331
319332
319333
319334
319335
319336
319337
319338
319339
319340
319341
319342
319343
319344
319345
319346
319347
319348
319349
319350
270198
319351
270199
319352
270200
319353
270201
319354
270202
319355
270203
319356
270204
319357
270205
319358
270206
319359
270207
319433
319434
319435
319436
319437
319438
319439
319440
319441
319442
319443
319444
319445
319446
319447
319448
319449
319450
319451
319452
319453
319454
319455
319456
319457
319458
319459
319460
319461
319462
319463
319464
319465
319466
319467
319468
319469
319470
319471
319472
319473
319474
319475
319476
319477
319478
319479
270327
319480
270328
319481
270329
319482
270330
319483
270331
319484
270332
319485
270333
319486
270334
319487
270335
8192
57344
8193
57345
8194
57346
8195
57347
8196
57348
8197
57349
8198
57350
270456
270457
270458
270459
270460
270461
270462
270463
270585
270586
270587
270588
270589
270590
270591
8448
57600
8449
57601
8450
57602
8451
57603
8452
57604
8453
57605
57606
270714
270715
270716
270717
270718
270719
270842
270843
270844
270845
270846
270847
8704
57856
8705
57857
8706
57858
8707
57859
8708
57860
8709
57861
57862
57863
270971
270972
270973
270974
270975
271100
271101
271102
271103
8960
58112
8961
58113
8962
58114
8963
58115
8964
58116
58117
58118
58119
271229
271230
271231
271357
271358
271359
9216
58368
9217
58369
9218
58370
9219
58371
9220
58372
58373
58374
58375
271486
271487
271615
9472
58624
9473
58625
9474
58626
9475
58627
9476
58628
58629
58630
58631
58632
271743
9728
58880
9729
58881
9730
58882
9731
58883
58884
58885
58886
58887
58888
9984
59136
9985
59137
9986
59138
9987
59139
59140
59141
59142
59143
59144
59145
10240
59392
10241
59393
10242
59394
10243
59395
59396
59397
59398
59399
59400
59401
59463
59464
59465
59466
59467
59468
59469
59470
59471
59472
59473
59474
59475
59476
59477
59478
59479
59480
59481
59482
59483
59484
59485
59486
59487
59488
59489
59490
59491
59492
59493
59494
59495
59496
59497
59498
59499
59500
59501
59502
59503
10496
59648
10497
59649
10498
59650
59651
59652
59653
59654
59655
59656
59657
59658
59707
59708
59709
59710
59711
59712
59713
59714
59715
59716
59717
59718
59719
59720
59721
59722
59723
59724
59725
59726
59727
59728
59729
59730
59731
59732
59733
59734
59735
59736
59737
59738
59739
59740
59741
59742
59743
59744
59745
59746
59747
59748
59749
59750
59751
59752
59753
59754
59755
59756
59757
59758
59759
59760
59761
59762
59763
59764
59765
59766
59767
59768
59769
59770
59771
10752
59904
10753
59905
10754
59906
59907
59908
59909
59910
59911
59912
59913
59914
59954
59955
59956
59957
59958
59959
59960
59961
59962
59963
59964
59965
59966
59967
59968
59969
59970
59971
59972
59973
59974
59975
59976
59977
59978
59979
59980
59981
59982
59983
59984
59985
59986
59987
59988
59989
59990
59991
59992
59993
59994
59995
59996
59997
59998
59999
60000
60001
60002
60003
60004
60005
60006
60007
60008
60009
60010
60011
60012
60013
60014
60015
60016
60017
60018
60019
60020
60021
60022
60023
60024
60025
60026
60027
60028
60029
60030
60031
60032
60033
60034
60035
60036
11008
60160
11009
60161
11010
60162
60163
60164
60165
60166
60167
60168
60169
60170
60171
60203
60204
60205
60206
60207
60208
60209
60210
60211
60212
60213
60214
60215
60216
60217
60218
60219
60220
60221
60222
60223
60224
60225
60226
60227
60228
60229
60230
60231
60232
60233
60234
60235
60236
60237
60238
60239
60240
60241
60242
60243
60244
60245
60246
60247
60248
60249
60250
60251
60252
60253
60254
60255
60256
60257
60258
60259
60260
60261
60262
60263
60264
60265
60266
60267
60268
60269
60270
60271
60272
60273
60274
60275
60276
60277
60278
60279
60280
60281
60282
60283
60284
60285
60286
60287
60288
60289
60290
60291
60292
60293
60294
60295
60296
60297
60298
60299
60300
11264
60416
11265
60417
60418
60419
60420
60421
60422
60423
60424
60425
60426
60427
60452
60453
60454
60455
60456
60457
60458
60459
60460
60461
60462
60463
60464
60465
60466
60467
60468
60469
60470
60471
60472
60473
60474
60475
60476
60477
60478
60479
60480
60481
60482
60483
60484
60485
60486
60487
60488
60489
60490
60491
60492
60493
60494
60495
60496
60497
60498
60499
60500
60501
60502
60503
60504
60505
60506
60507
60508
60509
60510
60511
60512
60513
60514
60515
60516
60517
60518
60519
60520
60521
60522
60523
60524
60525
60526
60527
60528
60529
60530
60531
60532
60533
60534
60535
60536
60537
60538
60539
60540
60541
60542
60543
60544
60545
60546
60547
60548
60549
60550
60551
60552
60553
60554
60555
60556
60557
60558
60559
60560
60561
60562
11520
60672
11521
60673
60674
60675
60676
60677
60678
60679
60680
60681
60682
60683
60684
60702
60703
60704
60705
60706
60707
60708
60709
60710
60711
60712
60713
60714
60715
60716
60717
60718
60719
60720
60721
60722
60723
60724
60725
60726
60727
60728
60729
60730
60731
60732
60733
60734
60735
60736
60737
60738
60739
60740
60741
60742
60743
60744
60745
60746
60747
60748
60749
60750
60751
60752
60753
60754
60755
60756
60757
60758
60759
60760
60761
60762
60763
60764
60765
60766
60767
60768
60769
60770
60771
60772
60773
60774
60775
60776
60777
60778
60779
60780
60781
60782
60783
60784
60785
60786
60787
60788
60789
60790
60791
60792
60793
60794
60795
60796
60797
60798
60799
60800
60801
60802
60803
60804
60805
60806
60807
60808
60809
60810
60811
60812
60813
60814
60815
60816
60817
60818
60819
60820
60821
60822
60823
60824
11776
60928
60929
60930
60931
60932
60933
60934
60935
60936
60937
60938
60939
60940
60953
60954
60955
60956
60957
60958
60959
60960
60961
60962
60963
60964
60965
60966
60967
60968
60969
60970
60971
60972
60973
60974
60975
60976
60977
60978
60979
60980
60981
60982
60983
60984
60985
60986
60987
60988
60989
60990
60991
60992
60993
60994
60995
60996
60997
60998
60999
61000
61001
61002
61003
61004
61005
61006
61007
61008
61009
61010
61011
61012
61013
61014
61015
61016
61017
61018
61019
61020
61021
61022
61023
61024
61025
61026
61027
61028
61029
61030
61031
61032
61033
61034
61035
61036
61037
61038
61039
61040
61041
61042
61043
61044
61045
61046
61047
61048
61049
61050
61051
61052
61053
61054
61055
61056
61057
61058
61059
61060
61061
61062
61063
61064
61065
61066
61067
61068
61069
61070
61071
61072
61073
61074
61075
61076
61077
61078
61079
61080
61081
61082
61083
61084
61085
61086
12032
61184
61185
61186
61187
61188
61189
61190
61191
61192
61193
61194
61195
61196
61197
61203
61204
61205
61206
61207
61208
61209
61210
61211
61212
61213
61214
61215
61216
61217
61218
61219
61220
61221
61222
61223
61224
61225
61226
61227
61228
61229
61230
61231
61232
61233
61234
61235
61236
61237
61238
61239
61240
61241
61242
61243
61244
61245
61246
61247
61248
61249
61250
61251
61252
61253
61254
61255
61256
61257
61258
61259
61260
61261
61262
61263
61264
61265
61266
61267
61268
61269
61270
61271
61272
61273
61274
61275
61276
61277
61278
61279
61280
61281
61282
61283
61284
61285
61286
61287
61288
61289
61290
61291
61292
61293
61294
61295
61296
61297
61298
61299
61300
61301
61302
61303
61304
61305
61306
61307
61308
61309
61310
61311
61312
61313
61314
61315
61316
61317
61318
61319
61320
61321
61322
61323
61324
61325
61326
61327
61328
61329
61330
61331
61332
61333
61334
61335
61336
61337
61338
61339
61340
61341
61342
61343
61344
61345
61346
61347
12288
61440
61441
61442
61443
61444
61445
61446
61447
61448
61449
61450
61451
61452
61453
61454
61455
61456
61457
61458
61459
61460
61461
61462
61463
61464
61465
61466
61467
61468
61469
61470
61471
61472
61473
61474
61475
61476
61477
61478
61479
61480
61481
61482
61483
61484
61485
61486
61487
61488
61489
61490
61491
61492
61493
61494
61495
61496
61497
61498
61499
61500
61501
61502
61503
61504
61505
61506
61507
61508
61509
61510
61511
61512
61513
61514
61515
61516
61517
61518
61519
61520
61521
61522
61523
61524
61525
61526
61527
61528
61529
61530
61531
61532
61533
61534
61535
61536
61537
61538
61539
61540
61541
61542
61543
61544
61545
61546
61547
61548
61549
61550
61551
61552
61553
61554
61555
61556
61557
61558
61559
61560
61561
61562
61563
61564
61565
61566
61567
61568
61569
61570
61571
61572
61573
61574
61575
61576
61577
61578
61579
61580
61581
61582
61583
61584
61585
61586
61587
61588
61589
61590
61591
61592
61593
61594
61595
61596
61597
61598
61599
61600
61601
61602
61603
61604
61605
61606
61607
61608
61696
61697
61698
61699
61700
61701
61702
61703
61704
61705
61706
61707
61708
61709
61710
61711
61712
61713
61714
61715
61716
61717
61718
61719
61720
61721
61722
61723
61724
61725
61726
61727
61728
61729
61730
61731
61732
61733
61734
61735
61736
61737
61738
61739
61740
61741
61742
61743
61744
61745
61746
61747
61748
61749
61750
61751
61752
61753
61754
61755
61756
61757
61758
61759
61760
61761
61762
61763
61764
61765
61766
61767
61768
61769
61770
61771
61772
61773
61774
61775
61776
61777
61778
61779
61780
61781
61782
61783
61784
61785
61786
61787
61788
61789
61790
61791
61792
61793
61794
61795
61796
61797
61798
61799
61800
61801
61802
61803
61804
61805
61806
61807
61808
61809
61810
61811
61812
61813
61814
61815
61816
61817
61818
61819
61820
61821
61822
61823
61824
61825
61826
61827
61828
61829
61830
61831
61832
61833
61834
61835
61836
61837
61838
61839
61840
61841
61842
61843
61844
61845
61846
61847
61848
61849
61850
61851
61852
61853
61854
61855
61856
61857
61858
61859
61860
61861
61862
61863
61864
61865
61866
61867
61868
61869
61952
61953
61954
61955
61956
61957
61958
61959
61960
61961
61962
61963
61964
61965
61966
61967
61968
61969
61970
61971
61972
61973
61974
61975
61976
61977
61978
61979
61980
61981
61982
61983
61984
61985
61986
61987
61988
61989
61990
61991
61992
61993
61994
61995
61996
61997
61998
61999
62000
62001
62002
62003
62004
62005
62006
62007
62008
62009
62010
62011
62012
62013
62014
62015
62016
62017
62018
62019
62020
62021
62022
62023
62024
62025
62026
62027
62028
62029
62030
62031
62032
62033
62034
62035
62036
62037
62038
62039
62040
62041
62042
62043
62044
62045
62046
62047
62048
62049
62050
62051
62052
62053
62054
62055
62056
62057
62058
62059
62060
62061
62062
62063
62064
62065
62066
62067
62068
62069
62070
62071
62072
62073
62074
62075
62076
62077
62078
62079
62080
62081
62082
62083
62084
62085
62086
62087
62088
62089
62090
62091
62092
62093
62094
62095
62096
62097
62098
62099
62100
62101
62102
62103
62104
62105
62106
62107
62108
62109
62110
62111
62112
62113
62114
62115
62116
62117
62118
62119
62120
62121
62122
62123
62124
62125
62126
62127
62128
62129
62208
62209
62210
62211
62212
62213
62214
62215
62216
62217
62218
62219
62220
62221
62222
62223
62224
62225
62226
62227
62228
62229
62230
62231
62232
62233
62234
62235
62236
62237
62238
62239
62240
62241
62242
62243
62244
62245
62246
62247
62248
62249
62250
62251
62252
62253
62254
62255
62256
62257
62258
62259
62260
62261
62262
62263
62264
62265
62266
62267
62268
62269
62270
62271
62272
62273
62274
62275
62276
62277
62278
62279
62280
62281
62282
62283
62284
62285
62286
62287
62288
62289
62290
62291
62292
62293
62294
62295
62296
62297
62298
62299
62300
62301
62302
62303
62304
62305
62306
62307
62308
62309
62310
62311
62312
62313
62314
62315
62316
62317
62318
62319
62320
62321
62322
62323
62324
62325
62326
62327
62328
62329
62330
62331
62332
62333
62334
62335
62336
62337
62338
62339
62340
62341
62342
62343
62344
62345
62346
62347
62348
62349
62350
62351
62352
62353
62354
62355
62356
62357
62358
62359
62360
62361
62362
62363
62364
62365
62366
62367
62368
62369
62370
62371
62372
62373
62374
62375
62376
62377
62378
62379
62380
62381
62382
62383
62384
62385
62386
62387
62388
62389
62390
62464
62465
62466
62467
62468
62469
62470
62471
62472
62473
62474
62475
62476
62477
62478
62479
62480
62481
62482
62483
62484
62485
62486
62487
62488
62489
62490
62491
62492
62493
62494
62495
62496
62497
62498
62499
62500
62501
62502
62503
62504
62505
62506
62507
62508
62509
62510
62511
62512
62513
62514
62515
62516
62517
62518
62519
62520
62521
62522
62523
62524
62525
62526
62527
62528
62529
62530
62531
62532
62533
62534
62535
62536
62537
62538
62539
62540
62541
62542
62543
62544
62545
62546
62547
62548
62549
62550
62551
62552
62553
62554
62555
62556
62557
62558
62559
62560
62561
62562
62563
62564
62565
62566
62567
62568
62569
62570
62571
62572
62573
62574
62575
62576
62577
62578
62579
62580
62581
62582
62583
62584
62585
62586
62587
62588
62589
62590
62591
62592
62593
62594
62595
62596
62597
62598
62599
62600
62601
62602
62603
62604
62605
62606
62607
62608
62609
62610
62611
62612
62613
62614
62615
62616
62617
62618
62619
62620
62621
62622
62623
62624
62625
62626
62627
62628
62629
62630
62631
62632
62633
62634
62635
62636
62637
62638
62639
62640
62641
62642
62643
62644
62645
62646
62647
62648
62649
62650
62720
62721
62722
62723
62724
62725
62726
62727
62728
62729
62730
62731
62732
62733
62734
62735
62736
62737
62738
62739
62740
62741
62742
62743
62744
62745
62746
62747
62748
62749
62750
62751
62752
62753
62754
62755
62756
62757
62758
62759
62760
62761
62762
62763
62764
62765
62766
62767
62768
62769
62770
62771
62772
62773
62774
62775
62776
62777
62778
62779
62780
62781
62782
62783
62784
62785
62786
62787
62788
62789
62790
62791
62792
62793
62794
62795
62796
62797
62798
62799
62800
62801
62802
62803
62804
62805
62806
62807
62808
62809
62810
62811
62812
62813
62814
62815
62816
62817
62818
62819
62820
62821
62822
62823
62824
62825
62826
62827
62828
62829
62830
62831
62832
62833
62834
62835
62836
62837
62838
62839
62840
62841
62842
62843
62844
62845
62846
62847
62848
62849
62850
62851
62852
62853
62854
62855
62856
62857
62858
62859
62860
62861
62862
62863
62864
62865
62866
62867
62868
62869
62870
62871
62872
62873
62874
62875
62876
62877
62878
62879
62880
62881
62882
62883
62884
62885
62886
62887
62888
62889
62890
62891
62892
62893
62894
62895
62896
62897
62898
62899
62900
62901
62902
62903
62904
62905
62906
62907
62908
62909
62910
62976
62977
62978
62979
62980
62981
62982
62983
62984
62985
62986
62987
62988
62989
62990
62991
62992
62993
62994
62995
62996
62997
62998
62999
63000
63001
63002
63003
63004
63005
63006
63007
63008
63009
63010
63011
63012
63013
63014
63015
63016
63017
63018
63019
63020
63021
63022
63023
63024
63025
63026
63027
63028
63029
63030
63031
63032
63033
63034
63035
63036
63037
63038
63039
63040
63041
63042
63043
63044
63045
63046
63047
63048
63049
63050
63051
63052
63053
63054
63055
63056
63057
63058
63059
63060
63061
63062
63063
63064
63065
63066
63067
63068
63069
63070
63071
63072
63073
63074
63075
63076
63077
63078
63079
63080
63081
63082
63083
63084
63085
63086
63087
63088
63089
63090
63091
63092
63093
63094
63095
63096
63097
63098
63099
63100
63101
63102
63103
63104
63105
63106
63107
63108
63109
63110
63111
63112
63113
63114
63115
63116
63117
63118
63119
63120
63121
63122
63123
63124
63125
63126
63127
63128
63129
63130
63131
63132
63133
63134
63135
63136
63137
63138
63139
63140
63141
63142
63143
63144
63145
63146
63147
63148
63149
63150
63151
63152
63153
63154
63155
63156
63157
63158
63159
63160
63161
63162
63163
63164
63165
63166
63167
63168
63169
63170
63232
63233
63234
63235
63236
63237
63238
63239
63240
63241
63242
63243
63244
63245
63246
63247
63248
63249
63250
63251
63252
63253
63254
63255
63256
63257
63258
63259
63260
63261
63262
63263
63264
63265
63266
63267
63268
63269
63270
63271
63272
63273
63274
63275
63276
63277
63278
63279
63280
63281
63282
63283
63284
63285
63286
63287
63288
63289
63290
63291
63292
63293
63294
63295
63296
63297
63298
63299
63300
63301
63302
63303
63304
63305
63306
63307
63308
63309
63310
63311
63312
63313
63314
63315
63316
63317
63318
63319
63320
63321
63322
63323
63324
63325
63326
63327
63328
63329
63330
63331
63332
63333
63334
63335
63336
63337
63338
63339
63340
63341
63342
63343
63344
63345
63346
63347
63348
63349
63350
63351
63352
63353
63354
63355
63356
63357
63358
63359
63360
63361
63362
63363
63364
63365
63366
63367
63368
63369
63370
63371
63372
63373
63374
63375
63376
63377
63378
63379
63380
63381
63382
63383
63384
63385
63386
63387
63388
63389
63390
63391
63392
63393
63394
63395
63396
63397
63398
63399
63400
63401
63402
63403
63404
63405
63406
63407
63408
63409
63410
63411
63412
63413
63414
63415
63416
63417
63418
63419
63420
63421
63422
63423
63424
63425
63426
63427
63428
63429
63430
63488
63489
63490
63491
63492
63493
63494
63495
63496
63497
63498
63499
63500
63501
63502
63503
63504
63505
63506
63507
63508
63509
63510
63511
63512
63513
63514
63515
63516
63517
63518
63519
63520
63521
63522
63523
63524
63525
63526
63527
63528
63529
63530
63531
63532
63533
63534
63535
63536
63537
63538
63539
63540
63541
63542
63543
63544
63545
63546
63547
63548
63549
63550
63551
63552
63553
63554
63555
63556
63557
63558
63559
63560
63561
63562
63563
63564
63565
63566
63567
63568
63569
63570
63571
63572
63573
63574
63575
63576
63577
63578
63579
63580
63581
63582
63583
63584
63585
63586
63587
63588
63589
63590
63591
63592
63593
63594
63595
63596
63597
63598
63599
63600
63601
63602
63603
63604
63605
63606
63607
63608
63609
63610
63611
63612
63613
63614
63615
63616
63617
63618
63619
63620
63621
63622
63623
63624
63625
63626
63627
63628
63629
63630
63631
63632
63633
63634
63635
63636
63637
63638
63639
63640
63641
63642
63643
63644
63645
63646
63647
63648
63649
63650
63651
63652
63653
63654
63655
63656
63657
63658
63659
63660
63661
63662
63663
63664
63665
63666
63667
63668
63669
63670
63671
63672
63673
63674
63675
63676
63677
63678
63679
63680
63681
63682
63683
63684
63685
63686
63687
63688
63689
63690
63744
63745
63746
63747
63748
63749
63750
63751
63752
63753
63754
63755
63756
63757
63758
63759
63760
63761
63762
63763
63764
63765
63766
63767
63768
63769
63770
63771
63772
63773
63774
63775
63776
63777
63778
63779
63780
63781
63782
63783
63784
63785
63786
63787
63788
63789
63790
63791
63792
63793
63794
63795
63796
63797
63798
63799
63800
63801
63802
63803
63804
63805
63806
63807
63808
63809
63810
63811
63812
63813
63814
63815
63816
63817
63818
63819
63820
63821
63822
63823
63824
63825
63826
63827
63828
63829
63830
63831
63832
63833
63834
63835
63836
63837
63838
63839
63840
63841
63842
63843
63844
63845
63846
63847
63848
63849
63850
63851
63852
63853
63854
63855
63856
63857
63858
63859
63860
63861
63862
63863
63864
63865
63866
63867
63868
63869
63870
63871
63872
63873
63874
63875
63876
63877
63878
63879
63880
63881
63882
63883
63884
63885
63886
63887
63888
63889
63890
63891
63892
63893
63894
63895
63896
63897
63898
63899
63900
63901
63902
63903
63904
63905
63906
63907
63908
63909
63910
63911
63912
63913
63914
63915
63916
63917
63918
63919
63920
63921
63922
63923
63924
63925
63926
63927
63928
63929
63930
63931
63932
63933
63934
63935
63936
63937
63938
63939
63940
63941
63942
63943
63944
63945
63946
63947
63948
63949
63950
64000
64001
64002
64003
64004
64005
64006
64007
64008
64009
64010
64011
64012
64013
64014
64015
64016
64017
64018
64019
64020
64021
64022
64023
64024
64025
64026
64027
64028
64029
64030
64031
64032
64033
64034
64035
64036
64037
64038
64039
64040
64041
64042
64043
64044
64045
64046
64047
64048
64049
64050
64051
64052
64053
64054
64055
64056
64057
64058
64059
64060
64061
64062
64063
64064
64065
64066
64067
64068
64069
64070
64071
64072
64073
64074
64075
64076
64077
64078
64079
64080
64081
64082
64083
64084
64085
64086
64087
64088
64089
64090
64091
64092
64093
64094
64095
64096
64097
64098
64099
64100
64101
64102
64103
64104
64105
64106
64107
64108
64109
64110
64111
64112
64113
64114
64115
64116
64117
64118
64119
64120
64121
64122
64123
64124
64125
64126
64127
64128
64129
64130
64131
64132
64133
64134
64135
64136
64137
64138
64139
64140
64141
64142
64143
64144
64145
64146
64147
64148
64149
64150
64151
64152
64153
64154
64155
64156
64157
64158
64159
64160
64161
64162
64163
64164
64165
64166
64167
64168
64169
64170
64171
64172
64173
64174
64175
64176
64177
64178
64179
64180
64181
64182
64183
64184
64185
64186
64187
64188
64189
64190
64191
64192
64193
64194
64195
64196
64197
64198
64199
64200
64201
64202
64203
64204
64205
64206
64207
64208
64209
64210
64256
64257
64258
64259
64260
64261
64262
64263
64264
64265
64266
64267
64268
64269
64270
64271
64272
64273
64274
64275
64276
64277
64278
64279
64280
64281
64282
64283
64284
64285
64286
64287
64288
64289
64290
64291
64292
64293
64294
64295
64296
64297
64298
64299
64300
64301
64302
64303
64304
64305
64306
64307
64308
64309
64310
64311
64312
64313
64314
64315
64316
64317
64318
64319
64320
64321
64322
64323
64324
64325
64326
64327
64328
64329
64330
64331
64332
64333
64334
64335
64336
64337
64338
64339
64340
64341
64342
64343
64344
64345
64346
64347
64348
64349
64350
64351
64352
64353
64354
64355
64356
64357
64358
64359
64360
64361
64362
64363
64364
64365
64366
64367
64368
64369
64370
64371
64372
64373
64374
64375
64376
64377
64378
64379
64380
64381
64382
64383
64384
64385
64386
64387
64388
64389
64390
64391
64392
64393
64394
64395
64396
64397
64398
64399
64400
64401
64402
64403
64404
64405
64406
64407
64408
64409
64410
64411
64412
64413
64414
64415
64416
64417
64418
64419
64420
64421
64422
64423
64424
64425
64426
64427
64428
64429
64430
64431
64432
64433
64434
64435
64436
64437
64438
64439
64440
64441
64442
64443
64444
64445
64446
64447
64448
64449
64450
64451
64452
64453
64454
64455
64456
64457
64458
64459
64460
64461
64462
64463
64464
64465
64466
64467
64468
64469
64470
64512
64513
64514
64515
64516
64517
64518
64519
64520
64521
64522
64523
64524
64525
64526
64527
64528
64529
64530
64531
64532
64533
64534
64535
64536
64537
64538
64539
64540
64541
64542
64543
64544
64545
64546
64547
64548
64549
64550
64551
64552
64553
64554
64555
64556
64557
64558
64559
64560
64561
64562
64563
64564
64565
64566
64567
64568
64569
64570
64571
64572
64573
64574
64575
64576
64577
64578
64579
64580
64581
64582
64583
64584
64585
64586
64587
64588
64589
64590
64591
64592
64593
64594
64595
64596
64597
64598
64599
64600
64601
64602
64603
64604
64605
64606
64607
64608
64609
64610
64611
64612
64613
64614
64615
64616
64617
64618
64619
64620
64621
64622
64623
64624
64625
64626
64627
64628
64629
64630
64631
64632
64633
64634
64635
64636
64637
64638
64639
64640
64641
64642
64643
64644
64645
64646
64647
64648
64649
64650
64651
64652
64653
64654
64655
64656
64657
64658
64659
64660
64661
64662
64663
64664
64665
64666
64667
64668
64669
64670
64671
64672
64673
64674
64675
64676
64677
64678
64679
64680
64681
64682
64683
64684
64685
64686
64687
64688
64689
64690
64691
64692
64693
64694
64695
64696
64697
64698
64699
64700
64701
64702
64703
64704
64705
64706
64707
64708
64709
64710
64711
64712
64713
64714
64715
64716
64717
64718
64719
64720
64721
64722
64723
64724
64725
64726
64727
64728
64729
64768
64769
64770
64771
64772
64773
64774
64775
64776
64777
64778
64779
64780
64781
64782
64783
64784
64785
64786
64787
64788
64789
64790
64791
64792
64793
64794
64795
64796
64797
64798
64799
64800
64801
64802
64803
64804
64805
64806
64807
64808
64809
64810
64811
64812
64813
64814
64815
64816
64817
64818
64819
64820
64821
64822
64823
64824
64825
64826
64827
64828
64829
64830
64831
64832
64833
64834
64835
64836
64837
64838
64839
64840
64841
64842
64843
64844
64845
64846
64847
64848
64849
64850
64851
64852
64853
64854
64855
64856
64857
64858
64859
64860
64861
64862
64863
64864
64865
64866
64867
64868
64869
64870
64871
64872
64873
64874
64875
64876
64877
64878
64879
64880
64881
64882
64883
64884
64885
64886
64887
64888
64889
64890
64891
64892
64893
64894
64895
64896
64897
64898
64899
64900
64901
64902
64903
64904
64905
64906
64907
64908
64909
64910
64911
64912
64913
64914
64915
64916
64917
64918
64919
64920
64921
64922
64923
64924
64925
64926
64927
64928
64929
64930
64931
64932
64933
64934
64935
64936
64937
64938
64939
64940
64941
64942
64943
64944
64945
64946
64947
64948
64949
64950
64951
64952
64953
64954
64955
64956
64957
64958
64959
64960
64961
64962
64963
64964
64965
64966
64967
64968
64969
64970
64971
64972
64973
64974
64975
64976
64977
64978
64979
64980
64981
64982
64983
64984
64985
64986
64987
64988
64989
65024
65025
65026
65027
65028
65029
65030
65031
65032
65033
65034
65035
65036
65037
65038
65039
65040
65041
65042
65043
65044
65045
65046
65047
65048
65049
65050
65051
65052
65053
65054
65055
65056
65057
65058
65059
65060
65061
65062
65063
65064
65065
65066
65067
65068
65069
65070
65071
65072
65073
65074
65075
65076
65077
65078
65079
65080
65081
65082
65083
65084
65085
65086
65087
65088
65089
65090
65091
65092
65093
65094
65095
65096
65097
65098
65099
65100
65101
65102
65103
65104
65105
65106
65107
65108
65109
65110
65111
65112
65113
65114
65115
65116
65117
65118
65119
65120
65121
65122
65123
65124
65125
65126
65127
65128
65129
65130
65131
65132
65133
65134
65135
65136
65137
65138
65139
65140
65141
65142
65143
65144
65145
65146
65147
65148
65149
65150
65151
65152
65153
65154
65155
65156
65157
65158
65159
65160
65161
65162
65163
65164
65165
65166
65167
65168
65169
65170
65171
65172
65173
65174
65175
65176
65177
65178
65179
65180
65181
65182
65183
65184
65185
65186
65187
65188
65189
65190
65191
65192
65193
65194
65195
65196
65197
65198
65199
65200
65201
65202
65203
65204
65205
65206
65207
65208
65209
65210
65211
65212
65213
65214
65215
65216
65217
65218
65219
65220
65221
65222
65223
65224
65225
65226
65227
65228
65229
65230
65231
65232
65233
65234
65235
65236
65237
65238
65239
65240
65241
65242
65243
65244
65245
65246
65247
65248
65249
65280
65281
65282
65283
65284
65285
65286
65287
65288
65289
65290
65291
65292
65293
65294
65295
65296
65297
65298
65299
65300
65301
65302
65303
65304
65305
65306
65307
65308
65309
65310
65311
65312
65313
65314
65315
65316
65317
65318
65319
65320
65321
65322
65323
65324
65325
65326
65327
65328
65329
65330
65331
65332
65333
65334
65335
65336
65337
65338
65339
65340
65341
65342
65343
65344
65345
65346
65347
65348
65349
65350
65351
65352
65353
65354
65355
65356
65357
65358
65359
65360
65361
65362
65363
65364
65365
65366
65367
65368
65369
65370
65371
65372
65373
65374
65375
65376
65377
65378
65379
65380
65381
65382
65383
65384
65385
65386
65387
65388
65389
65390
65391
65392
65393
65394
65395
65396
65397
65398
65399
65400
65401
65402
65403
65404
65405
65406
65407
65408
65409
65410
65411
65412
65413
65414
65415
65416
65417
65418
65419
65420
65421
65422
65423
65424
65425
65426
65427
65428
65429
65430
65431
65432
65433
65434
65435
65436
65437
65438
65439
65440
65441
65442
65443
65444
65445
65446
65447
65448
65449
65450
65451
65452
65453
65454
65455
65456
65457
65458
65459
65460
65461
65462
65463
65464
65465
65466
65467
65468
65469
65470
65471
65472
65473
65474
65475
65476
65477
65478
65479
65480
65481
65482
65483
65484
65485
65486
65487
65488
65489
65490
65491
65492
65493
65494
65495
65496
65497
65498
65499
65500
65501
65502
65503
65504
65505
65506
65507
65508
)


// ************************************************************************* //
